174444118	190759
175303861	244711
175541691	221583
176025671	281292
176041525	99466
176399527	14193
176853805	74444
177052159	286232
178524399	265245
179196586	124718
179997803	41329
180987014	78745
181426571	293281
182810134	323147
183708868	14881
183828526	210646
184663163	157767
185013465	269355
185601543	210730
186179751	106244
186264536	254176
186467591	33784
187012723	40916
187328248	259437
188137770	95849
188222988	41843
188463975	245579
188805994	1737
188929122	106235
189054570	64858
190135015	145996
191165167	292796
192226550	86079
193994131	137568
194958912	150042
198352027	205644
198394962	235669
198853782	323473
199661585	106255
200138928	169007
200406578	262663
200474121	220573
200852994	49497
200907054	270732
201365426	208542
202648884	278461
203418902	230891
203512891	114933
203679146	118456
203721158	253382
204117958	68471
204868942	166979
205879059	78170
209046714	199096
209343486	300178
209386009	224568
210049586	129548
213411221	55653
214640202	283416
214810788	25721
215260374	194439
215771740	153873
217923941	235391
219202827	322629
219455463	116137
220232651	243417
221104030	184593
221411889	54326
224505161	260752
224929822	280151
225138447	172665
225520485	227549
225632609	317818
226016858	75410
226862286	82755
227434063	106741
229912026	289197
230029692	110386
231029892	318297
231441859	263374
231485953	290526
231709778	172302
232432612	57035
234064584	170796
236156377	290945
237522182	191742
237528741	78540
238438206	97866
238729218	141812
239097141	162235
240879649	224880
241738495	184541
242957689	86744
243223642	273250
244057395	262737
246914046	253705
249755218	151524
251849365	220374
252741940	67728
253130665	159916
253637201	294169
258854136	116299
259186767	281933
260414890	246834
263389754	107977
266010846	75654
267705953	336851
270800674	223105
271967797	57482
274064373	280472
275217750	216833
275547427	26322
275560268	245617
276025223	99759
276472883	226187
277564228	222424
278721334	150257
283068934	190942
287472888	257377
291213386	169937
294452349	39687
297340382	318771
297417221	400
297574828	294046
298510273	225516
298642019	94132
300817105	135865
301766750	209313
302917146	25892
302975703	249467
304594733	201608
305322276	178417
305376991	19843
307176065	287672
314544789	137069
325201472	332437
325234101	44152
325335248	280306
327043478	196984
327978596	141375
328980261	116787
330775389	153429
339278127	333735
342287211	146112
350386852	315854
351113714	266749
355683705	237185
356490883	270271
357048164	56720
358434359	184355
359620871	72850
360079196	165301
362820405	133987
367195882	89094
367896411	298474
369219512	102243
374060135	11767
377116211	219279
379637864	242991
379803030	91156
381642167	119312
390614974	125962
391633689	68463
392370500	238008
393977256	185325
395643212	173102
399822130	269514
400727629	166034
402884834	287275
404764126	175093
404986945	327389
407045570	142324
410800337	244486
411907401	272693
414094387	291184
414955307	225783
415210441	157700
418094731	111043
428073756	117222
429183952	136435
432302103	139378
435226677	210088
440718589	295534
443833293	139918
444210991	93809
452084614	178408
454877318	194310
461822787	23574
472293898	74622
474076632	182
476396136	210139
479403454	299876
480308172	185165
487533244	278327
489655214	301694
496701996	265074
498853758	71981
515743675	215214
529280683	22783
530167299	122173
533963169	9538
543483450	237196
543759547	313043
545851747	289488
550001991	26887
551428569	212357
552093342	142592
557267749	189578
560237877	173224
560751124	35689
572380950	53409
573132565	35268
574114360	209881
581617983	116558
587547224	232292
588477237	182502
599742938	80441
616901998	272364
618251639	128144
630766382	55457
645880735	312135
660893078	310054
662309973	69849
676996411	253110
682690007	15361
708401164	171580
711625385	67592
714557011	203235
732644740	278933
739897227	138666
797537153	61041
810263182	78072
812563947	274547
815004310	84387
827193520	176509
834896468	85628
839120083	215367
844754235	229139
847767874	194654
853460080	76152
873930335	217991
875436372	81299
880183247	214068
881570166	29668
888058160	59940
889045933	239096
921431303	142165
925157333	113411
927303922	137275
937994488	6707
974586950	207830
980042619	147145
998014548	161530
1014328179	85717
1020868621	195872
1023679492	134787
1053538242	18391
1056372682	146310
1058758549	67393
1065839048	326496
1065924869	310954
1091021114	114237
1114513095	160499
1139692548	92513
1148057025	89638
1161661088	257668
1177347138	48313
1195607566	82315
1211552788	265126
1230512905	20284
1241724524	327748
1271356198	90737
1272559596	282120
1393585515	278823
1419383372	333653
1477896115	55013
1493526042	212158
1521931490	82101
1538807071	221496
1541704023	220934
1565687634	181373
1578791891	315856
1615902180	212383
1625353140	325799
1630085754	48269
1635327270	190892
1647858568	61771
1649929406	124703
1661200279	63952
1662890356	73212
1687433358	193975
1719240918	253685
1738845279	25586
1755095906	59097
1762425436	53891
1820060022	27484
1821648108	219376
1846781779	117661
1882609091	98394
1910730585	263594
1921861853	212638
1982837330	121851
2038008642	179986
2082190895	7317
2089821023	283865
2123898974	212904